
NUMPOLLIES 36

// Floor 1
8.0   0.0 -2.0     0.0 6.0
8.0   0.0  2.0     0.0 0.0
12.0  0.0 2.0      6.0 0.0

8.0   0.0 -2.0     0.0 6.0
12.0  0.0 -2.0     6.0 6.0
12.0  0.0  2.0     6.0 0.0

// Ceiling 1
8.0   1.0 -2.0     0.0 6.0
8.0   1.0  2.0     0.0 0.0
12.0  1.0  2.0     6.0 0.0
8.0   1.0 -2.0     0.0 6.0
12.0  1.0 -2.0     6.0 6.0
12.0  1.0  2.0     6.0 0.0

// A1
 
8.0  1.0  -2.0      0.0 1.0
8.0  0.0  -2.0      0.0 0.0
12.0  0.0  -2.0     1.5 0.0
8.0  1.0  -2.0      0.0 1.0
12.0  1.0  -2.0     1.5 1.0
12.0  0.0  -2.0     1.5 0.0

// A2
8.0  1.0   2.0      0.0 1.0
8.0  0.0   2.0      0.0 0.0
12.0  0.0  2.0      1.5 0.0
8.0  1.0   2.0      0.0 1.0
12.0  1.0  2.0      1.5 1.0
12.0  0.0  2.0      1.5 0.0

// B1
8.0  1.0  -2.0      0.0 1.0
8.0  0.0  -2.0      0.0 0.0
8.0  0.0  -0.5      1.5 0.0
8.0  1.0  -2.0      0.0 1.0
8.0  1.0  -0.5      1.5 1.0
8.0  0.0  -0.5      1.5 0.0

// B2
8.0  1.0   2.0      2.0 1.0
8.0  0.0   2.0      2.0 0.0
8.0  0.0   0.5      0.5 0.0
8.0  1.0   2.0      2.0 1.0
8.0  1.0   0.5      0.5 1.0
8.0  0.0   0.5      0.5 0.0

// D1
12.0  1.0  -2.0     0.0 1.0
12.0  0.0  -2.0     0.0 0.0
12.0  0.0  2.0      1.5 0.0

12.0  1.0  -2.0     0.0 1.0
12.0  1.0  2.0     1.5 1.0
12.0  0.0  2.0     1.5 0.0

